$ 1 0.000005 10.20027730826997 50 5 43
v -80 112 -80 304 0 1 60 127 0 0 0.5
T 64 48 144 336 0 4 0.188976378 0.34173960383972235 2.156358433200639e-13 0.999
d 208 336 368 48 2 1N4004
d 320 336 144 48 2 default
d 272 48 368 48 2 1N4004
d 320 336 208 336 2 1N4004
w -80 112 -80 48 0
w -80 48 64 48 0
w 144 48 272 48 0
w 368 48 544 48 0
w 320 336 496 336 0
w 144 336 208 336 0
w 64 336 -80 336 0
w -80 336 -80 304 0
g 64 336 64 384 0
w 496 336 544 336 0
w 544 272 544 336 0
w 544 80 544 48 0
w 544 48 672 48 0
w 544 336 672 336 0
w 672 48 672 144 0
r 672 336 672 224 0 2200
162 672 144 672 224 2 default-led 0 0 1 0.01
w 672 48 752 48 0
r 752 48 752 144 0 2000
34 meu-zener 0 1.7143528192810002e-7 0 2 13
z 752 288 752 192 2 meu-zener
w 672 336 752 336 0
w 752 336 752 288 0
w 752 144 816 144 0
174 816 144 832 256 1 4700 0.5 Resistance
r 816 272 816 336 0 2200
w 752 336 816 336 0
w 752 48 832 48 0
t 944 96 1088 96 0 1 -13.1801937330203 0.7003414851541718 100
w 832 208 944 208 0
w 944 208 944 96 0
w 832 48 1088 48 0
w 1088 80 1088 48 0
w 1088 112 1088 224 0
r 1088 224 1088 288 0 120
w 1088 288 1088 336 0
w 1088 336 816 336 0
c 544 272 544 80 0 0.00021999999999999998 -20.84372672986438
w 752 192 752 144 0
o 39 64 0 4099 10 0.1 0 2 39 3
